[[ 9  1 10]
 [11 11 22]
 [ 4 10 14]
 [ 3 13 16]
 [15  0 15]
 [14  7 21]
 [10  6 16]
 [15 15 30]
 [ 2 14 16]
 [ 6  5 11]
 [11  0 11]
 [ 5 12 17]
 [ 4  5  9]
 [ 0  5  5]
 [ 7 15 22]
 [10  4 14]
 [11  2 13]
 [12  7 19]
 [ 5  3  8]
 [ 6 13 19]
 [ 3  8 11]
 [ 2 10 12]
 [14  6 20]
 [ 7  0  7]
 [ 2 13 15]
 [ 8  9 17]
 [ 8 11 19]
 [ 2  5  7]
 [13  8 21]
 [ 1  8  9]
 [13  1 14]
 [10  9 19]
 [ 3  5  8]
 [13  6 19]
 [11 10 21]
 [13  4 17]
 [15  6 21]
 [ 4  4  8]
 [15 13 28]
 [ 2  0  2]
 [ 6  3  9]
 [ 3  4  7]
 [ 7 10 17]
 [ 8  4 12]
 [ 9  5 14]
 [ 4 11 15]
 [11  9 20]
 [ 5  1  6]
 [ 1  2  3]
 [14  5 19]
 [ 9  0  9]
 [ 2 12 14]
 [ 7  1  8]
 [ 4  7 11]
 [ 4  9 13]
 [ 5  8 13]
 [11  5 16]
 [12  6 18]
 [11 13 24]
 [11 12 23]
 [ 0  4  4]
 [ 3  9 12]
 [ 3  0  3]
 [ 5  6 11]
 [ 1 11 12]
 [10  8 18]
 [11  1 12]
 [ 8  6 14]
 [ 3  7 10]
 [ 8  8 16]
 [10 12 22]
 [ 5 15 20]
 [ 8  1  9]
 [ 8  0  8]
 [15  5 20]
 [ 2  1  3]
 [ 9  9 18]
 [14  9 23]
 [10 10 20]
 [ 4 13 17]
 [ 7 11 18]
 [ 3 14 17]
 [ 8 10 18]
 [13  9 22]
 [ 0  2  2]
 [ 6  2  8]
 [ 3  3  6]
 [15 14 29]
 [ 6  4 10]
 [ 4 12 16]
 [ 4 14 18]
 [13 10 23]
 [15  3 18]
 [ 1  7  8]
 [ 7  6 13]
 [ 9  8 17]
 [ 9 10 19]
 [ 8  5 13]
 [ 8 13 21]
 [10  2 12]
 [ 2  3  5]
 [ 4  8 12]
 [11 14 25]
 [15  4 19]
 [ 4 15 19]
 [14  0 14]
 [12 12 24]
 [ 3 10 13]
 [ 5  0  5]
 [11  4 15]
 [ 2 15 17]
 [12 13 25]
 [ 1 13 14]
 [13  0 13]
 [ 0 10 10]
 [ 4  2  6]
 [ 7  5 12]
 [13 14 27]
 [14  8 22]
 [14 10 24]
 [10  5 15]
 [ 9 14 23]
 [ 9  4 13]
 [ 6  6 12]
 [ 0  9  9]]